[Resolution]
Width=799.9999874454
Height=599.99999058405
[Graphics]
Graphics_quality=0.59999999058405
Reflections_quality=0.3999999937227
Texture_quality=0.99999998430675
[Audio]
Effects_volume=0.99999998430675
Effects_3d=0
Music_volume=0.99999998430675
Music_playmode=0.99999998430675
Music_directory=
[Game]
Gamemode=0
Difficulty=0
Invert_controls=0
