[globals]
multi=1.9999999686135
lit=199.99999686135
volume=99.9999984306749
farb=0
bfarb=0
build1=24.9999996076687
build2=1.9999999686135
build3=24.9999996076687
flash=0.99999998430675
illum=0
strob=0.99999998430675
name=eXoFoRe
